0000000000000000000000000000000000000000
0000000000000000000100000000000000000000
0000000000000000001000000000000000000001
0000000000000000001100000000000000000000
0000000000000000010000000000000000000000
0000000000000000010100000000000000000000
0000000000000000011000000000000000000000
0000000000000000011100000000000000000000
0000000000000000100000000000000000000000
0000000000000000100100000000000000000000
0000000000000000101000000000000000000000
0000000000000000101100000000000000000000
0000000000000000110000000000000000000000
0000000000000000110100000000000000000000
0000000000000000111000000000000000000000
0000000000000000111100000000000000000000
0000000000000001000000000000000000000000
0000000000000001000100000000000000000000
0000000000000001001000000000000000000000
0000000000000001001100000000000000000000
0000000000000001010000000000000000000000
0000000000000001010100000000000000000000
0000000000000001011000000000000000000000
0000000000000001011100000000000000000000
0000000000000001100000000000000000000000
0000000000000001100100000000000000000000
0000000000000000000000000000000000000000
0000000000000000000100000000000000000000
0000000000000000001000000000000000000000
0000000000000000001100000000000000000000
0000000000000000010000000000000000000000
0000000000000000010100000000000000000000
0000000000000000011000000000000000000000
0000000000000000011100000000000000000000
0000000000000000100000000000000000000000
0000000000000000100100000000000000000000
0000000000000000101000000000000000000000
0000000000000000101100000000000000000000
0000000000000000110000000000000000000000
0000000000000000110100000000000000000000
0000000000000000111000000000000000000000
0000000000000000111100000000000000000000
0000000000000001000000000000000000000000
0000000000000001000100000000000000000000
0000000000000001001000000000000000000000
0000000000000001001100000000000000000000
0000000000000001010000000000000000000000
0000000000000001010100000000000000000000
0000000000000001011000000000000000000000
0000000000000001011100000000000000000000
0000000000000001100000000000000000000000
0000000000000001100100000000000000000000
0000000000000000000000000000000000000000
0000000000000000000100000000000000000000
0000000000000000001011111111111111111111
0000000000000000001111111111111111111111
0000000000000000010011111111111111111111
0000000000000000010111111111111111111111
0000000000000000011011111111111111111111
0000000000000000011111111111111111111111
0000000000000000100011111111111111111111
0000000000000000100111111111111111111111
0000000000000000101011111111111111111111
0000000000000000101111111111111111111111
0000000000000000110011111111111111111111
0000000000000000110111111111111111111111
0000000000000000111011111111111111111111
0000000000000000111111111111111111111111
0000000000000001000011111111111111111111
0000000000000001000100001111111111111111
0000000000000001001000000000000000000000
0000000000000001001100000000000000000000
0000000000000001010000000000000000000000
0000000000000001010100000000000000000000
0000000000000001011000000000000000000000
0000000000000001011100000000000000000000
0000000000000001100000000000000000000000
0000000000000001100100000000000000000000
0000000000000000000000000000000000000000
0000000000000000000100000000000000000000
0000000000000000001011111111111111111111
0000000000000000001111111111111111111111
0000000000000000010011111111111111111111
0000000000000000010111111111111111111111
0000000000000000011011111111111111111111
0000000000000000011111111111111111111111
0000000000000000100011111111111111111111
0000000000000000100111111111111111111111
0000000000000000101011111111111111111111
0000000000000000101111111111111111111111
0000000000000000110011111111111111111111
0000000000000000110111111111111111111111
0000000000000000111011111111111111111111
0000000000000000111111111111111111111111
0000000000000001000011111111111111111111
0000000000000001000100001111111111111111
0000000000000001001000000000000000000000
0000000000000001001100000000000000000000
0000000000000001010000000000000000000000
0000000000000001010100000000000000000000
0000000000000001011000000000000000000000
0000000000000001011100000000000000000000
0000000000000001100000000000000000000000
0000000000000001100100000000000000000000
0000000000000000000000000000000000000000
0000000000000000000100000000000000000000
0000000000000000001000000000000000000000
0000000000000000001100000000000000000000
0000000000000000010000000000000000000000
0000000000000000010100000000000000000000
0000000000000000011000000000000000000000
0000000000000000011100000000000000000000
0000000000000000100000000000000000000000
0000000000000000100100000000000000000000
0000000000000000101000000000000000000000
0000000000000000101100000000000000000000
0000000000000000110000000000000000000000
0000000000000000110100000000000000000000
0000000000000000111000000000000000000000
0000000000000000111100000000000000000000
0000000000000001000000000000000000000000
0000000000000001000100000000000000000000
0000000000000001001000000000000000000000
0000000000000001001100000000000000000000
0000000000000001010000000000000000000000
0000000000000001010100000000000000000000
0000000000000001011000000000000000000000
0000000000000001011100000000000000000000
0000000000000001100000000000000000000000
0000000000000001100100000000000000000000
