00000000011111111
00000000111111111
00000001011111111
00000001111111111
00000010011111111
00000010111111111
00000011011111111
00000011111111111
00000100011111111
00000100111111111
00000101011111111
00000101111111111
00000110011111111
00000110111111111
00000111011111111
00000111111111111
00001000011111111
00001000111111111
00001001011111111
00001001111111111
00001010011111111
00001010111111111
00001011011111111
00001011111111111
00001100011111111
00001100111111111
00001101011111111
00001101111111111
00001110011111111
00001110111111111
00001111011111111
00001111111111111
00010000011111111
00010000111111111
00010001011111111
00010001111111111
00010010011111111
00010010111111111
00010011011111111
00010011100000111
00010100000000111
00010100100000111
00010101011111111
00010101111111111
00010110011111111
00010110111111111
00010111011111111
00010111111111111
00011000011111111
00011000111111111
00011001011111111
00011001111111111
00011010011111111
00011010111111111
00011011000000111
00011011100000111
00011100000000111
00011100100000111
00011101011111111
00011101111111111
00011110011111111
00011110111111111
00011111011111111
00011111111111111
00100000011111111
00100000111111111
00100001011111111
00100001100000111
00100010011111111
00100010100000111
00100011000000111
00100011100000111
00100100000000111
00100100100000111
00100101000000111
00100101100000111
00100110011111111
00100110111111111
00100111011111111
00100111111111111
00101000011111111
00101000111111111
00101001000000111
00101001111111111
00101010011111111
00101010100000111
00101011000000111
00101011100000111
00101100000000111
00101100100000111
00101101000000111
00101101100000111
00101110011111111
00101110111111111
00101111011111111
00101111111111111
00110000011111111
00110000111111111
00110001011111111
00110001111111111
00110010000000111
00110010100000111
00110011000000111
00110011100000111
00110100000000111
00110100100000111
00110101000000111
00110101100000111
00110110000000111
00110110111111111
00110111011111111
00110111111111111
00111000011111111
00111000111111111
00111001011111111
00111001111111111
00111010000000111
00111010100000111
00111011000000111
00111011111111111
00111100011111111
00111100111111111
00111101000000111
00111101100000111
00111110000000111
00111110111111111
00111111011111111
00111111111111111
01000000011111111
01000000111111111
01000001011111111
01000001111111111
01000010000000111
01000010100000111
01000011011111111
01000011111111111
01000100011111111
01000100111111111
01000101000000111
01000101100000111
01000110000000111
01000110100000111
01000111011111111
01000111111111111
01001000011111111
01001000111111111
01001001011111111
01001001100000111
01001010000000111
01001010100000111
01001011011111111
01001011111111111
01001100011111111
01001100100000111
01001101000000111
01001101100000111
01001110000000111
01001110111111111
01001111011111111
01001111111111111
01010000011111111
01010000111111111
01010001011111111
01010001100000111
01010010000000111
01010010100000111
01010011011111111
01010011100000111
01010100000000111
01010100100000111
01010101000000111
01010101100000111
01010110000000111
01010110111111111
01010111011111111
01010111111111111
01011000011111111
01011000111111111
01011001011111111
01011001100000111
01011010000000111
01011010100000111
01011011000000111
01011011100000111
01011100000000111
01011100100000111
01011101000000111
01011101100000111
01011110011111111
01011110111111111
01011111011111111
01011111111111111
01100000011111111
01100000111111111
01100001011111111
01100001111111111
01100010000000111
01100010100000111
01100011000000111
01100011100000111
01100100000000111
01100100100000111
01100101000000111
01100101111111111
01100110011111111
01100110111111111
01100111011111111
01100111111111111
01101000011111111
01101000111111111
01101001011111111
01101001111111111
01101010011111111
01101010100000111
01101011000000111
01101011100000111
01101100000000111
01101100100000111
01101101011111111
01101101111111111
01101110011111111
01101110111111111
01101111011111111
01101111111111111
01110000011111111
01110000111111111
01110001011111111
01110001111111111
01110010011111111
01110010111111111
01110011011111111
01110011111111111
01110100011111111
01110100111111111
01110101011111111
01110101111111111
01110110011111111
01110110111111111
01110111011111111
01110111111111111
01111000011111111
01111000111111111
01111001011111111
01111001111111111
01111010011111111
01111010111111111
01111011011111111
01111011111111111
01111100011111111
01111100111111111
01111101011111111
01111101111111111
01111110011111111
01111110111111111
01111111011111111
01111111111111111
00000000011111111
00000000111111111
00000001011111111
00000001111111111
00000010011111111
00000010111111111
00000011011111111
00000011111111111
00000100011111111
00000100111111111
00000101011111111
00000101111111111
00000110011111111
00000110111111111
00000111011111111
00000111111111111
00001000011111111
00001000111111111
00001001011111111
00001001111111111
00001010011111111
00001010111111111
00001011011111111
00001011111111111
00001100011111111
00001100111111111
00001101011111111
00001101111111111
00001110011111111
00001110111111111
00001111011111111
00001111111111111
00010000011111111
00010000111111111
00010001011111111
00010001111111111
00010010011111111
00010010111111111
00010011011111111
00010011100000111
00010100000000111
00010100100000111
00010101011111111
00010101111111111
00010110011111111
00010110111111111
00010111011111111
00010111111111111
00011000011111111
00011000111111111
00011001011111111
00011001111111111
00011010011111111
00011010111111111
00011011000000111
00011011100000111
00011100000000111
00011100100000111
00011101011111111
00011101111111111
00011110011111111
00011110111111111
00011111011111111
00011111111111111
00100000011111111
00100000111111111
00100001011111111
00100001111111111
00100010011111111
00100010100000111
00100011000000111
00100011100000111
00100100000000111
00100100100000111
00100101000000111
00100101100000111
00100110011111111
00100110111111111
00100111011111111
00100111111111111
00101000011111111
00101000111111111
00101001011111111
00101001111111111
00101010011111111
00101010100000111
00101011000000111
00101011100000111
00101100000000111
00101100100000111
00101101000000111
00101101100000111
00101110011111111
00101110111111111
00101111011111111
00101111111111111
00110000011111111
00110000111111111
00110001011111111
00110001111111111
00110010000000111
00110010100000111
00110011000000111
00110011100000111
00110100000000111
00110100100000111
00110101000000111
00110101100000111
00110110000000111
00110110111111111
00110111011111111
00110111111111111
00111000011111111
00111000111111111
00111001011111111
00111001111111111
00111010000000111
00111010100000111
00111011000000111
00111011111111111
00111100011111111
00111100111111111
00111101000000111
00111101100000111
00111110000000111
00111110111111111
00111111011111111
00111111111111111
01000000011111111
01000000111111111
01000001011111111
01000001111111111
01000010000000111
01000010100000111
01000011011111111
01000011111111111
01000100000000111
01000100111111111
01000101000000111
01000101100000111
01000110000000111
01000110100000111
01000111011111111
01000111111111111
01001000011111111
01001000111111111
01001001011111111
01001001100000111
01001010000000111
01001010100000111
01001011011111111
01001011111111111
01001100011111111
01001100100000111
01001101000000111
01001101100000111
01001110000000111
01001110111111111
01001111011111111
01001111111111111
01010000011111111
01010000111111111
01010001011111111
01010001100000111
01010010000000111
01010010100000111
01010011011111111
01010011100000111
01010100000000111
01010100100000111
01010101000000111
01010101100000111
01010110000000111
01010110111111111
01010111011111111
01010111111111111
01011000011111111
01011000111111111
01011001011111111
01011001100000111
01011010000000111
01011010100000111
01011011000000111
01011011100000111
01011100000000111
01011100100000111
01011101000000111
01011101100000111
01011110011111111
01011110100000111
01011111011111111
01011111111111111
01100000011111111
01100000111111111
01100001011111111
01100001111111111
01100010000000111
01100010100000111
01100011000000111
01100011100000111
01100100000000111
01100100100000111
01100101000000111
01100101100000111
01100110011111111
01100110111111111
01100111011111111
01100111111111111
01101000011111111
01101000111111111
01101001000000111
01101001111111111
01101010011111111
01101010100000111
01101011000000111
01101011100000111
01101100000000111
01101100100000111
01101101011111111
01101101111111111
01101110011111111
01101110111111111
01101111011111111
01101111111111111
01110000011111111
01110000111111111
01110001011111111
01110001111111111
01110010011111111
01110010111111111
01110011011111111
01110011111111111
01110100011111111
01110100111111111
01110101011111111
01110101111111111
01110110011111111
01110110111111111
01110111011111111
01110111111111111
01111000011111111
01111000111111111
01111001011111111
01111001111111111
01111010011111111
01111010111111111
01111011011111111
01111011111111111
01111100011111111
01111100111111111
01111101011111111
01111101111111111
01111110011111111
01111110111111111
01111111011111111
01111111111111111
00000000011111111
00000000111111111
00000001011111111
00000001111111111
00000010011111111
00000010111111111
00000011011111111
00000011111111111
00000100011111111
00000100111111111
00000101011111111
00000101111111111
00000110011111111
00000110111111111
00000111011111111
00000111111111111
00001000011111111
00001000111111111
00001001011111111
00001001111111111
00001010011111111
00001010111111111
00001011011111111
00001011111111111
00001100011111111
00001100111111111
00001101011111111
00001101111111111
00001110011111111
00001110111111111
00001111011111111
00001111111111111
00010000011111111
00010000111111111
00010001011111111
00010001111111111
00010010011111111
00010010111111111
00010011011111111
00010011100000111
00010100000000111
00010100100000111
00010101011111111
00010101111111111
00010110011111111
00010110111111111
00010111011111111
00010111111111111
00011000011111111
00011000111111111
00011001011111111
00011001111111111
00011010011111111
00011010111111111
00011011000000111
00011011100000111
00011100000000111
00011100100000111
00011101011111111
00011101111111111
00011110011111111
00011110111111111
00011111011111111
00011111111111111
00100000011111111
00100000111111111
00100001011111111
00100001111111111
00100010011111111
00100010100000111
00100011000000111
00100011100000111
00100100000000111
00100100100000111
00100101000000111
00100101100000111
00100110011111111
00100110111111111
00100111011111111
00100111111111111
00101000011111111
00101000111111111
00101001011111111
00101001111111111
00101010011111111
00101010100000111
00101011000000111
00101011100000111
00101100000000111
00101100100000111
00101101000000111
00101101100000111
00101110011111111
00101110111111111
00101111011111111
00101111111111111
00110000011111111
00110000111111111
00110001011111111
00110001111111111
00110010000000111
00110010100000111
00110011000000111
00110011100000111
00110100000000111
00110100100000111
00110101000000111
00110101100000111
00110110000000111
00110110111111111
00110111011111111
00110111111111111
00111000011111111
00111000111111111
00111001011111111
00111001111111111
00111010000000111
00111010100000111
00111011000000111
00111011111111111
00111100011111111
00111100111111111
00111101000000111
00111101100000111
00111110000000111
00111110111111111
00111111011111111
00111111111111111
01000000011111111
01000000111111111
01000001011111111
01000001111111111
01000010000000111
01000010100000111
01000011011111111
01000011111111111
01000100011111111
01000100111111111
01000101000000111
01000101100000111
01000110000000111
01000110100000111
01000111011111111
01000111111111111
01001000011111111
01001000111111111
01001001011111111
01001001100000111
01001010000000111
01001010100000111
01001011011111111
01001011111111111
01001100011111111
01001100100000111
01001101000000111
01001101100000111
01001110000000111
01001110111111111
01001111011111111
01001111111111111
01010000011111111
01010000111111111
01010001011111111
01010001100000111
01010010000000111
01010010100000111
01010011011111111
01010011100000111
01010100000000111
01010100100000111
01010101000000111
01010101100000111
01010110000000111
01010110111111111
01010111011111111
01010111111111111
01011000011111111
01011000111111111
01011001011111111
01011001100000111
01011010000000111
01011010100000111
01011011000000111
01011011100000111
01011100000000111
01011100100000111
01011101000000111
01011101100000111
01011110011111111
01011110111111111
01011111011111111
01011111111111111
01100000011111111
01100000111111111
01100001011111111
01100001111111111
01100010000000111
01100010100000111
01100011000000111
01100011100000111
01100100000000111
01100100100000111
01100101000000111
01100101111111111
01100110011111111
01100110111111111
01100111011111111
01100111111111111
01101000011111111
01101000111111111
01101001011111111
01101001111111111
01101010011111111
01101010100000111
01101011000000111
01101011100000111
01101100000000111
01101100100000111
01101101011111111
01101101111111111
01101110011111111
01101110111111111
01101111011111111
01101111111111111
01110000011111111
01110000111111111
01110001011111111
01110001111111111
01110010011111111
01110010111111111
01110011011111111
01110011111111111
01110100011111111
01110100111111111
01110101011111111
01110101111111111
01110110011111111
01110110111111111
01110111011111111
01110111111111111
01111000011111111
01111000111111111
01111001011111111
01111001111111111
01111010011111111
01111010111111111
01111011011111111
01111011111111111
01111100011111111
01111100111111111
01111101011111111
01111101111111111
01111110011111111
01111110111111111
01111111011111111
01111111111111111
00000000011111111
00000000111111111
00000001011111111
00000001111111111
00000010011111111
00000010111111111
00000011011111111
00000011111111111
00000100011111111
00000100111111111
00000101011111111
00000101111111111
00000110011111111
00000110111111111
00000111011111111
00000111111111111
00001000011111111
00001000111111111
00001001011111111
00001001111111111
00001010011111111
00001010100000111
00001011011111111
00001011111111111
00001100011111111
00001100111111111
00001101011111111
00001101111111111
00001110011111111
00001110111111111
00001111011111111
00001111111111111
00010000011111111
00010000111111111
00010001011111111
00010001111111111
00010010011111111
00010010111111111
00010011011111111
00010011100000111
00010100000000111
00010100100000111
00010101011111111
00010101111111111
00010110011111111
00010110111111111
00010111011111111
00010111111111111
00011000011111111
00011000111111111
00011001011111111
00011001111111111
00011010011111111
00011010111111111
00011011000000111
00011011100000111
00011100000000111
00011100100000111
00011101011111111
00011101111111111
00011110011111111
00011110111111111
00011111011111111
00011111111111111
00100000011111111
00100000111111111
00100001011111111
00100001111111111
00100010011111111
00100010100000111
00100011000000111
00100011100000111
00100100000000111
00100100100000111
00100101000000111
00100101100000111
00100110011111111
00100110111111111
00100111011111111
00100111111111111
00101000011111111
00101000111111111
00101001011111111
00101001111111111
00101010011111111
00101010100000111
00101011000000111
00101011100000111
00101100000000111
00101100100000111
00101101000000111
00101101100000111
00101110011111111
00101110111111111
00101111011111111
00101111111111111
00110000011111111
00110000111111111
00110001011111111
00110001111111111
00110010000000111
00110010100000111
00110011000000111
00110011100000111
00110100000000111
00110100100000111
00110101000000111
00110101100000111
00110110000000111
00110110111111111
00110111011111111
00110111111111111
00111000011111111
00111000111111111
00111001011111111
00111001111111111
00111010000000111
00111010100000111
00111011000000111
00111011111111111
00111100011111111
00111100111111111
00111101000000111
00111101100000111
00111110000000111
00111110111111111
00111111011111111
00111111111111111
01000000011111111
01000000111111111
01000001011111111
01000001111111111
01000010000000111
01000010100000111
01000011011111111
01000011111111111
01000100011111111
01000100111111111
01000101000000111
01000101100000111
01000110000000111
01000110100000111
01000111011111111
01000111111111111
01001000011111111
01001000111111111
01001001011111111
01001001100000111
01001010000000111
01001010100000111
01001011011111111
01001011111111111
01001100011111111
01001100100000111
01001101000000111
01001101100000111
01001110000000111
01001110111111111
01001111011111111
01001111111111111
01010000011111111
01010000111111111
01010001011111111
01010001100000111
01010010000000111
01010010100000111
01010011011111111
01010011100000111
01010100000000111
01010100100000111
01010101000000111
01010101100000111
01010110000000111
01010110111111111
01010111011111111
01010111111111111
01011000011111111
01011000111111111
01011001011111111
01011001100000111
01011010000000111
01011010100000111
01011011000000111
01011011100000111
01011100000000111
01011100100000111
01011101000000111
01011101100000111
01011110011111111
01011110111111111
01011111011111111
01011111111111111
01100000011111111
01100000111111111
01100001011111111
01100001111111111
01100010000000111
01100010100000111
01100011000000111
01100011100000111
01100100000000111
01100100100000111
01100101000000111
01100101100000111
01100110011111111
01100110111111111
01100111011111111
01100111111111111
01101000011111111
01101000111111111
01101001011111111
01101001111111111
01101010011111111
01101010100000111
01101011000000111
01101011100000111
01101100000000111
01101100100000111
01101101011111111
01101101111111111
01101110011111111
01101110111111111
01101111011111111
01101111111111111
01110000011111111
01110000111111111
01110001011111111
01110001111111111
01110010011111111
01110010111111111
01110011011111111
01110011111111111
01110100011111111
01110100111111111
01110101011111111
01110101111111111
01110110011111111
01110110111111111
01110111011111111
01110111111111111
01111000011111111
01111000111111111
01111001011111111
01111001111111111
01111010011111111
01111010111111111
01111011011111111
01111011111111111
01111100011111111
01111100111111111
01111101011111111
01111101111111111
01111110011111111
01111110111111111
01111111011111111
01111111111111111